row_index,fold,y_true,p
6,0,0,0.4975105076775042
8,0,0,0.09668785243055776
9,0,0,0.7899817407850758
10,0,0,0.38820053199783144
23,0,0,0.20673304847717935
26,0,0,0.20673304847717935
29,0,0,0.06419361394422385
32,0,0,0.38820053199783144
41,0,0,0.38820053199783144
46,0,1,0.2890901625179995
48,0,1,0.2890901625179995
49,0,1,0.2890901625179995
58,0,1,0.38820053199783144
59,0,1,0.38820053199783144
61,0,1,0.38820053199783144
76,0,1,0.38820053199783144
84,0,1,0.38820053199783144
86,0,1,0.38820053199783144
87,0,1,0.38820053199783144
88,0,1,0.38820053199783144
95,0,1,0.38820053199783144
103,0,1,0.38820053199783144
110,0,1,0.38820053199783144
121,0,1,0.38820053199783144
127,0,1,0.38820053199783144
130,0,1,0.38820053199783144
132,0,1,0.38820053199783144
137,0,1,0.38820053199783144
140,0,1,0.38820053199783144
141,0,1,0.38820053199783144
143,0,1,0.38820053199783144
144,0,1,0.38820053199783144
161,0,1,0.4975105076775042
163,0,1,0.4975105076775042
172,0,1,0.4975105076775042
192,0,1,0.4975105076775042
194,0,1,0.4975105076775042
199,0,1,0.4975105076775042
200,0,1,0.4975105076775042
204,0,1,0.4975105076775042
209,0,1,0.4975105076775042
217,0,1,0.4975105076775042
222,0,1,0.4975105076775042
225,0,1,0.4975105076775042
227,0,1,0.4975105076775042
234,0,1,0.4975105076775042
247,0,1,0.4975105076775042
248,0,1,0.4975105076775042
249,0,1,0.4975105076775042
250,0,1,0.4975105076775042
256,0,1,0.4975105076775042
258,0,1,0.4975105076775042
259,0,1,0.4975105076775042
260,0,1,0.4975105076775042
264,0,1,0.4975105076775042
271,0,1,0.4975105076775042
281,0,1,0.4975105076775042
284,0,1,0.4975105076775042
290,0,1,0.4975105076775042
295,0,1,0.4975105076775042
299,0,1,0.4975105076775042
302,0,1,0.4975105076775042
312,0,1,0.4975105076775042
315,0,1,0.4975105076775042
317,0,1,0.4975105076775042
320,0,1,0.4975105076775042
324,0,1,0.4975105076775042
325,0,1,0.4975105076775042
337,0,1,0.4975105076775042
343,0,1,0.4975105076775042
353,0,1,0.6070589774671864
358,0,1,0.6070589774671864
377,0,1,0.6070589774671864
387,0,1,0.6070589774671864
404,0,1,0.6070589774671864
425,0,1,0.6070589774671864
426,0,1,0.6070589774671864
429,0,1,0.6070589774671864
438,0,1,0.6070589774671864
443,0,1,0.6070589774671864
447,0,1,0.6070589774671864
450,0,1,0.6070589774671864
480,0,1,0.6070589774671864
481,0,1,0.6070589774671864
482,0,1,0.6070589774671864
485,0,1,0.6070589774671864
494,0,1,0.6070589774671864
495,0,1,0.6070589774671864
513,0,1,0.6070589774671864
514,0,1,0.6070589774671864
526,0,1,0.6070589774671864
531,0,1,0.6070589774671864
533,0,1,0.6070589774671864
535,0,1,0.6070589774671864
536,0,1,0.6070589774671864
561,0,1,0.6070589774671864
562,0,1,0.6070589774671864
566,0,1,0.6070589774671864
568,0,1,0.6070589774671864
575,0,1,0.6070589774671864
576,0,1,0.6070589774671864
578,0,1,0.6070589774671864
579,0,1,0.6070589774671864
581,0,1,0.6070589774671864
583,0,1,0.6070589774671864
584,0,1,0.6070589774671864
587,0,1,0.6070589774671864
589,0,1,0.6070589774671864
600,0,1,0.6070589774671864
601,0,1,0.7067996097434294
603,0,1,0.7067996097434294
609,0,1,0.7067996097434294
610,0,1,0.7067996097434294
613,0,1,0.7067996097434294
621,0,1,0.7067996097434294
622,0,1,0.7067996097434294
624,0,1,0.7067996097434294
630,0,1,0.7067996097434294
631,0,1,0.7067996097434294
636,0,1,0.7067996097434294
648,0,1,0.7067996097434294
654,0,1,0.7067996097434294
657,0,1,0.7067996097434294
658,0,1,0.7067996097434294
660,0,1,0.7067996097434294
667,0,1,0.7067996097434294
668,0,1,0.7067996097434294
670,0,1,0.7067996097434294
681,0,1,0.7067996097434294
685,0,1,0.7067996097434294
688,0,1,0.7067996097434294
689,0,1,0.7067996097434294
690,0,1,0.7067996097434294
693,0,1,0.7067996097434294
695,0,1,0.7067996097434294
697,0,1,0.7067996097434294
699,0,1,0.7067996097434294
707,0,1,0.7067996097434294
711,0,1,0.7067996097434294
716,0,1,0.7067996097434294
717,0,1,0.7067996097434294
740,0,1,0.7067996097434294
742,0,1,0.7067996097434294
744,0,1,0.7067996097434294
745,0,1,0.7067996097434294
746,0,1,0.7067996097434294
752,0,1,0.7067996097434294
762,0,1,0.7067996097434294
771,0,1,0.7067996097434294
773,0,1,0.7067996097434294
777,0,1,0.7067996097434294
778,0,1,0.7067996097434294
779,0,1,0.7067996097434294
782,0,1,0.7067996097434294
783,0,1,0.7067996097434294
784,0,1,0.7067996097434294
797,0,1,0.7067996097434294
798,0,1,0.7067996097434294
800,0,1,0.7067996097434294
803,0,1,0.7067996097434294
806,0,1,0.7067996097434294
811,0,1,0.7067996097434294
816,0,1,0.7067996097434294
818,0,1,0.7067996097434294
819,0,1,0.7067996097434294
820,0,1,0.7067996097434294
824,0,1,0.7067996097434294
825,0,1,0.7067996097434294
827,0,1,0.7067996097434294
828,0,1,0.7067996097434294
835,0,1,0.7899817407850758
850,0,1,0.7899817407850758
854,0,1,0.7899817407850758
855,0,1,0.7899817407850758
861,0,1,0.7899817407850758
870,0,1,0.7899817407850758
880,0,1,0.7899817407850758
890,0,1,0.7899817407850758
897,0,1,0.7899817407850758
902,0,1,0.7899817407850758
911,0,1,0.7899817407850758
915,0,1,0.7899817407850758
917,0,1,0.7899817407850758
932,0,1,0.7899817407850758
934,0,1,0.7899817407850758
938,0,1,0.7899817407850758
946,0,1,0.7899817407850758
947,0,1,0.7899817407850758
949,0,1,0.7899817407850758
954,0,1,0.7899817407850758
964,0,1,0.7899817407850758
966,0,1,0.7899817407850758
969,0,1,0.7899817407850758
971,0,1,0.7899817407850758
975,0,1,0.7899817407850758
978,0,1,0.7899817407850758
979,0,1,0.7899817407850758
986,0,1,0.8544253129160249
990,0,1,0.8544253129160249
994,0,1,0.8544253129160249
1005,0,1,0.8544253129160249
1008,0,1,0.8544253129160249
1013,0,1,0.8544253129160249
1017,0,1,0.8544253129160249
1021,0,1,0.8544253129160249
1030,0,1,0.8544253129160249
1035,0,1,0.8544253129160249
1036,0,1,0.8544253129160249
1037,0,1,0.8544253129160249
1040,0,1,0.8544253129160249
1054,0,1,0.8544253129160249
1055,0,1,0.8544253129160249
1060,0,1,0.8544253129160249
1068,0,1,0.8544253129160249
1075,0,1,0.8544253129160249
1077,0,1,0.8544253129160249
1085,0,1,0.8544253129160249
1088,0,1,0.8544253129160249
1095,0,1,0.8544253129160249
1096,0,1,0.8544253129160249
1099,0,1,0.8544253129160249
1100,0,1,0.8544253129160249
1104,0,1,0.8544253129160249
1112,0,1,0.8544253129160249
1113,0,1,0.8544253129160249
1123,0,1,0.8544253129160249
1124,0,1,0.8544253129160249
1127,0,1,0.8544253129160249
1128,0,1,0.8544253129160249
1141,0,1,0.8544253129160249
1147,0,1,0.9015586620813998
1151,0,1,0.9015586620813998
1154,0,1,0.9015586620813998
1155,0,1,0.9015586620813998
1157,0,1,0.9015586620813998
1159,0,1,0.9015586620813998
1163,0,1,0.9015586620813998
1172,0,1,0.9015586620813998
1181,0,1,0.9015586620813998
1187,0,1,0.9015586620813998
1189,0,1,0.9015586620813998
1192,0,1,0.9015586620813998
1198,0,1,0.9015586620813998
1199,0,1,0.9015586620813998
1201,0,1,0.9015586620813998
1207,0,1,0.9015586620813998
1209,0,1,0.9015586620813998
1210,0,1,0.9015586620813998
1226,0,1,0.9015586620813998
1243,0,1,0.9015586620813998
1250,0,1,0.9015586620813998
1263,0,1,0.9015586620813998
1271,0,1,0.9015586620813998
1272,0,1,0.9015586620813998
1274,0,1,0.9015586620813998
1276,0,1,0.9015586620813998
1287,0,1,0.934599535045702
1288,0,1,0.934599535045702
1293,0,1,0.934599535045702
1295,0,1,0.934599535045702
1307,0,1,0.934599535045702
1308,0,1,0.934599535045702
1317,0,1,0.934599535045702
1318,0,1,0.934599535045702
1322,0,1,0.934599535045702
1326,0,1,0.934599535045702
1327,0,1,0.934599535045702
7,1,0,0.4963036110392135
14,1,0,0.7977170610894783
15,1,0,0.28102813816187316
17,1,0,0.28102813816187316
18,1,0,0.38294267524262315
19,1,0,0.6100458554387468
27,1,0,0.28102813816187316
36,1,0,0.003825339418254086
42,1,0,0.006059894212433471
53,1,1,0.38294267524262315
54,1,1,0.38294267524262315
56,1,1,0.38294267524262315
64,1,1,0.38294267524262315
67,1,1,0.38294267524262315
75,1,1,0.38294267524262315
78,1,1,0.38294267524262315
79,1,1,0.38294267524262315
83,1,1,0.38294267524262315
94,1,1,0.38294267524262315
96,1,1,0.38294267524262315
99,1,1,0.38294267524262315
102,1,1,0.38294267524262315
104,1,1,0.38294267524262315
108,1,1,0.38294267524262315
115,1,1,0.38294267524262315
116,1,1,0.38294267524262315
118,1,1,0.38294267524262315
120,1,1,0.38294267524262315
125,1,1,0.38294267524262315
129,1,1,0.38294267524262315
131,1,1,0.38294267524262315
134,1,1,0.38294267524262315
156,1,1,0.4963036110392135
160,1,1,0.4963036110392135
166,1,1,0.4963036110392135
167,1,1,0.4963036110392135
171,1,1,0.4963036110392135
183,1,1,0.4963036110392135
196,1,1,0.4963036110392135
197,1,1,0.4963036110392135
198,1,1,0.4963036110392135
202,1,1,0.4963036110392135
207,1,1,0.4963036110392135
210,1,1,0.4963036110392135
228,1,1,0.4963036110392135
229,1,1,0.4963036110392135
242,1,1,0.4963036110392135
244,1,1,0.4963036110392135
253,1,1,0.4963036110392135
263,1,1,0.4963036110392135
272,1,1,0.4963036110392135
275,1,1,0.4963036110392135
276,1,1,0.4963036110392135
280,1,1,0.4963036110392135
285,1,1,0.4963036110392135
287,1,1,0.4963036110392135
293,1,1,0.4963036110392135
294,1,1,0.4963036110392135
296,1,1,0.4963036110392135
303,1,1,0.4963036110392135
314,1,1,0.4963036110392135
316,1,1,0.4963036110392135
319,1,1,0.4963036110392135
321,1,1,0.4963036110392135
322,1,1,0.4963036110392135
323,1,1,0.4963036110392135
327,1,1,0.4963036110392135
328,1,1,0.4963036110392135
331,1,1,0.4963036110392135
332,1,1,0.4963036110392135
335,1,1,0.4963036110392135
336,1,1,0.4963036110392135
339,1,1,0.4963036110392135
342,1,1,0.4963036110392135
345,1,1,0.4963036110392135
349,1,1,0.6100458554387468
352,1,1,0.6100458554387468
359,1,1,0.6100458554387468
363,1,1,0.6100458554387468
369,1,1,0.6100458554387468
370,1,1,0.6100458554387468
378,1,1,0.6100458554387468
381,1,1,0.6100458554387468
383,1,1,0.6100458554387468
384,1,1,0.6100458554387468
385,1,1,0.6100458554387468
389,1,1,0.6100458554387468
395,1,1,0.6100458554387468
396,1,1,0.6100458554387468
400,1,1,0.6100458554387468
401,1,1,0.6100458554387468
402,1,1,0.6100458554387468
411,1,1,0.6100458554387468
421,1,1,0.6100458554387468
422,1,1,0.6100458554387468
423,1,1,0.6100458554387468
431,1,1,0.6100458554387468
436,1,1,0.6100458554387468
437,1,1,0.6100458554387468
439,1,1,0.6100458554387468
440,1,1,0.6100458554387468
451,1,1,0.6100458554387468
452,1,1,0.6100458554387468
453,1,1,0.6100458554387468
455,1,1,0.6100458554387468
456,1,1,0.6100458554387468
458,1,1,0.6100458554387468
463,1,1,0.6100458554387468
474,1,1,0.6100458554387468
479,1,1,0.6100458554387468
486,1,1,0.6100458554387468
492,1,1,0.6100458554387468
502,1,1,0.6100458554387468
504,1,1,0.6100458554387468
506,1,1,0.6100458554387468
507,1,1,0.6100458554387468
508,1,1,0.6100458554387468
510,1,1,0.6100458554387468
515,1,1,0.6100458554387468
520,1,1,0.6100458554387468
525,1,1,0.6100458554387468
534,1,1,0.6100458554387468
539,1,1,0.6100458554387468
554,1,1,0.6100458554387468
558,1,1,0.6100458554387468
560,1,1,0.6100458554387468
563,1,1,0.6100458554387468
565,1,1,0.6100458554387468
577,1,1,0.6100458554387468
596,1,1,0.6100458554387468
604,1,1,0.7129583694193786
605,1,1,0.7129583694193786
629,1,1,0.7129583694193786
632,1,1,0.7129583694193786
635,1,1,0.7129583694193786
645,1,1,0.7129583694193786
647,1,1,0.7129583694193786
651,1,1,0.7129583694193786
662,1,1,0.7129583694193786
663,1,1,0.7129583694193786
671,1,1,0.7129583694193786
674,1,1,0.7129583694193786
677,1,1,0.7129583694193786
686,1,1,0.7129583694193786
692,1,1,0.7129583694193786
698,1,1,0.7129583694193786
701,1,1,0.7129583694193786
705,1,1,0.7129583694193786
708,1,1,0.7129583694193786
721,1,1,0.7129583694193786
722,1,1,0.7129583694193786
726,1,1,0.7129583694193786
728,1,1,0.7129583694193786
737,1,1,0.7129583694193786
754,1,1,0.7129583694193786
756,1,1,0.7129583694193786
758,1,1,0.7129583694193786
760,1,1,0.7129583694193786
761,1,1,0.7129583694193786
763,1,1,0.7129583694193786
765,1,1,0.7129583694193786
772,1,1,0.7129583694193786
781,1,1,0.7129583694193786
785,1,1,0.7129583694193786
787,1,1,0.7129583694193786
788,1,1,0.7129583694193786
790,1,1,0.7129583694193786
792,1,1,0.7129583694193786
793,1,1,0.7129583694193786
795,1,1,0.7129583694193786
796,1,1,0.7129583694193786
810,1,1,0.7129583694193786
833,1,1,0.7977170610894783
834,1,1,0.7977170610894783
840,1,1,0.7977170610894783
841,1,1,0.7977170610894783
843,1,1,0.7977170610894783
847,1,1,0.7977170610894783
848,1,1,0.7977170610894783
851,1,1,0.7977170610894783
852,1,1,0.7977170610894783
862,1,1,0.7977170610894783
865,1,1,0.7977170610894783
868,1,1,0.7977170610894783
881,1,1,0.7977170610894783
882,1,1,0.7977170610894783
885,1,1,0.7977170610894783
887,1,1,0.7977170610894783
888,1,1,0.7977170610894783
889,1,1,0.7977170610894783
893,1,1,0.7977170610894783
898,1,1,0.7977170610894783
907,1,1,0.7977170610894783
912,1,1,0.7977170610894783
918,1,1,0.7977170610894783
921,1,1,0.7977170610894783
923,1,1,0.7977170610894783
931,1,1,0.7977170610894783
936,1,1,0.7977170610894783
940,1,1,0.7977170610894783
955,1,1,0.7977170610894783
961,1,1,0.7977170610894783
962,1,1,0.7977170610894783
973,1,1,0.7977170610894783
976,1,1,0.7977170610894783
984,1,1,0.7977170610894783
987,1,1,0.8622823705719129
991,1,1,0.8622823705719129
999,1,1,0.8622823705719129
1009,1,1,0.8622823705719129
1023,1,1,0.8622823705719129
1024,1,1,0.8622823705719129
1031,1,1,0.8622823705719129
1041,1,1,0.8622823705719129
1044,1,1,0.8622823705719129
1050,1,1,0.8622823705719129
1051,1,1,0.8622823705719129
1053,1,1,0.8622823705719129
1066,1,1,0.8622823705719129
1069,1,1,0.8622823705719129
1072,1,1,0.8622823705719129
1073,1,1,0.8622823705719129
1074,1,1,0.8622823705719129
1081,1,1,0.8622823705719129
1087,1,1,0.8622823705719129
1105,1,1,0.8622823705719129
1106,1,1,0.8622823705719129
1111,1,1,0.8622823705719129
1121,1,1,0.8622823705719129
1125,1,1,0.8622823705719129
1131,1,1,0.8622823705719129
1133,1,1,0.8622823705719129
1149,1,1,0.9086007217611578
1156,1,1,0.9086007217611578
1162,1,1,0.9086007217611578
1169,1,1,0.9086007217611578
1171,1,1,0.9086007217611578
1173,1,1,0.9086007217611578
1179,1,1,0.9086007217611578
1182,1,1,0.9086007217611578
1186,1,1,0.9086007217611578
1194,1,1,0.9086007217611578
1195,1,1,0.9086007217611578
1197,1,1,0.9086007217611578
1205,1,1,0.9086007217611578
1216,1,1,0.9086007217611578
1220,1,1,0.9086007217611578
1242,1,1,0.9086007217611578
1251,1,1,0.9086007217611578
1254,1,1,0.9086007217611578
1265,1,1,0.9086007217611578
1266,1,1,0.9086007217611578
1277,1,1,0.9086007217611578
1278,1,1,0.9086007217611578
1279,1,1,0.9086007217611578
1280,1,1,0.9086007217611578
1291,1,1,0.940417328844937
1292,1,1,0.940417328844937
1299,1,1,0.940417328844937
1301,1,1,0.940417328844937
1303,1,1,0.940417328844937
1305,1,1,0.940417328844937
1310,1,1,0.940417328844937
1320,1,1,0.940417328844937
1328,1,1,0.940417328844937
1330,1,1,0.9616261589609285
1,2,0,0.3714538155866996
2,2,0,0.47676775903987356
11,2,0,0.3714538155866996
13,2,0,0.19909455044439361
31,2,0,0.2770836610780907
34,2,0,0.005022139446321218
37,2,0,0.0032629558433644535
38,2,0,0.027735673237172097
40,2,0,0.09466667541024679
47,2,1,0.2770836610780907
57,2,1,0.3714538155866996
66,2,1,0.3714538155866996
69,2,1,0.3714538155866996
71,2,1,0.3714538155866996
72,2,1,0.3714538155866996
73,2,1,0.3714538155866996
80,2,1,0.3714538155866996
91,2,1,0.3714538155866996
97,2,1,0.3714538155866996
100,2,1,0.3714538155866996
105,2,1,0.3714538155866996
114,2,1,0.3714538155866996
122,2,1,0.3714538155866996
123,2,1,0.3714538155866996
124,2,1,0.3714538155866996
128,2,1,0.3714538155866996
136,2,1,0.3714538155866996
138,2,1,0.3714538155866996
142,2,1,0.3714538155866996
145,2,1,0.3714538155866996
146,2,1,0.3714538155866996
147,2,1,0.3714538155866996
148,2,1,0.3714538155866996
150,2,1,0.3714538155866996
151,2,1,0.47676775903987356
152,2,1,0.47676775903987356
158,2,1,0.47676775903987356
164,2,1,0.47676775903987356
168,2,1,0.47676775903987356
175,2,1,0.47676775903987356
180,2,1,0.47676775903987356
184,2,1,0.47676775903987356
193,2,1,0.47676775903987356
205,2,1,0.47676775903987356
206,2,1,0.47676775903987356
208,2,1,0.47676775903987356
212,2,1,0.47676775903987356
215,2,1,0.47676775903987356
220,2,1,0.47676775903987356
224,2,1,0.47676775903987356
231,2,1,0.47676775903987356
243,2,1,0.47676775903987356
245,2,1,0.47676775903987356
246,2,1,0.47676775903987356
252,2,1,0.47676775903987356
255,2,1,0.47676775903987356
262,2,1,0.47676775903987356
266,2,1,0.47676775903987356
279,2,1,0.47676775903987356
282,2,1,0.47676775903987356
283,2,1,0.47676775903987356
288,2,1,0.47676775903987356
289,2,1,0.47676775903987356
291,2,1,0.47676775903987356
292,2,1,0.47676775903987356
304,2,1,0.47676775903987356
305,2,1,0.47676775903987356
307,2,1,0.47676775903987356
309,2,1,0.47676775903987356
347,2,1,0.47676775903987356
357,2,1,0.5841888510811978
364,2,1,0.5841888510811978
373,2,1,0.5841888510811978
375,2,1,0.5841888510811978
388,2,1,0.5841888510811978
390,2,1,0.5841888510811978
391,2,1,0.5841888510811978
392,2,1,0.5841888510811978
393,2,1,0.5841888510811978
399,2,1,0.5841888510811978
403,2,1,0.5841888510811978
407,2,1,0.5841888510811978
413,2,1,0.5841888510811978
414,2,1,0.5841888510811978
417,2,1,0.5841888510811978
420,2,1,0.5841888510811978
427,2,1,0.5841888510811978
428,2,1,0.5841888510811978
430,2,1,0.5841888510811978
433,2,1,0.5841888510811978
442,2,1,0.5841888510811978
445,2,1,0.5841888510811978
454,2,1,0.5841888510811978
457,2,1,0.5841888510811978
460,2,1,0.5841888510811978
464,2,1,0.5841888510811978
469,2,1,0.5841888510811978
470,2,1,0.5841888510811978
472,2,1,0.5841888510811978
473,2,1,0.5841888510811978
483,2,1,0.5841888510811978
489,2,1,0.5841888510811978
491,2,1,0.5841888510811978
493,2,1,0.5841888510811978
500,2,1,0.5841888510811978
503,2,1,0.5841888510811978
505,2,1,0.5841888510811978
519,2,1,0.5841888510811978
522,2,1,0.5841888510811978
523,2,1,0.5841888510811978
527,2,1,0.5841888510811978
537,2,1,0.5841888510811978
540,2,1,0.5841888510811978
555,2,1,0.5841888510811978
559,2,1,0.5841888510811978
564,2,1,0.5841888510811978
567,2,1,0.5841888510811978
571,2,1,0.5841888510811978
573,2,1,0.5841888510811978
574,2,1,0.5841888510811978
582,2,1,0.5841888510811978
588,2,1,0.5841888510811978
591,2,1,0.5841888510811978
593,2,1,0.5841888510811978
595,2,1,0.5841888510811978
597,2,1,0.5841888510811978
602,2,1,0.6841656418737055
606,2,1,0.6841656418737055
607,2,1,0.6841656418737055
608,2,1,0.6841656418737055
616,2,1,0.6841656418737055
618,2,1,0.6841656418737055
619,2,1,0.6841656418737055
627,2,1,0.6841656418737055
628,2,1,0.6841656418737055
659,2,1,0.6841656418737055
675,2,1,0.6841656418737055
679,2,1,0.6841656418737055
682,2,1,0.6841656418737055
683,2,1,0.6841656418737055
684,2,1,0.6841656418737055
700,2,1,0.6841656418737055
702,2,1,0.6841656418737055
704,2,1,0.6841656418737055
710,2,1,0.6841656418737055
715,2,1,0.6841656418737055
719,2,1,0.6841656418737055
730,2,1,0.6841656418737055
732,2,1,0.6841656418737055
738,2,1,0.6841656418737055
748,2,1,0.6841656418737055
751,2,1,0.6841656418737055
775,2,1,0.6841656418737055
776,2,1,0.6841656418737055
799,2,1,0.6841656418737055
805,2,1,0.6841656418737055
807,2,1,0.6841656418737055
813,2,1,0.6841656418737055
815,2,1,0.6841656418737055
817,2,1,0.6841656418737055
826,2,1,0.6841656418737055
829,2,1,0.7695853242284558
844,2,1,0.7695853242284558
845,2,1,0.7695853242284558
860,2,1,0.7695853242284558
867,2,1,0.7695853242284558
871,2,1,0.7695853242284558
873,2,1,0.7695853242284558
876,2,1,0.7695853242284558
878,2,1,0.7695853242284558
879,2,1,0.7695853242284558
883,2,1,0.7695853242284558
884,2,1,0.7695853242284558
886,2,1,0.7695853242284558
896,2,1,0.7695853242284558
899,2,1,0.7695853242284558
900,2,1,0.7695853242284558
906,2,1,0.7695853242284558
914,2,1,0.7695853242284558
919,2,1,0.7695853242284558
924,2,1,0.7695853242284558
925,2,1,0.7695853242284558
927,2,1,0.7695853242284558
928,2,1,0.7695853242284558
939,2,1,0.7695853242284558
941,2,1,0.7695853242284558
942,2,1,0.7695853242284558
951,2,1,0.7695853242284558
952,2,1,0.7695853242284558
953,2,1,0.7695853242284558
956,2,1,0.7695853242284558
959,2,1,0.7695853242284558
974,2,1,0.7695853242284558
983,2,1,0.7695853242284558
985,2,1,0.8373934088652801
993,2,1,0.8373934088652801
995,2,1,0.8373934088652801
998,2,1,0.8373934088652801
1000,2,1,0.8373934088652801
1010,2,1,0.8373934088652801
1014,2,1,0.8373934088652801
1018,2,1,0.8373934088652801
1020,2,1,0.8373934088652801
1022,2,1,0.8373934088652801
1025,2,1,0.8373934088652801
1038,2,1,0.8373934088652801
1039,2,1,0.8373934088652801
1049,2,1,0.8373934088652801
1057,2,1,0.8373934088652801
1058,2,1,0.8373934088652801
1059,2,1,0.8373934088652801
1063,2,1,0.8373934088652801
1071,2,1,0.8373934088652801
1076,2,1,0.8373934088652801
1083,2,1,0.8373934088652801
1084,2,1,0.8373934088652801
1091,2,1,0.8373934088652801
1092,2,1,0.8373934088652801
1093,2,1,0.8373934088652801
1102,2,1,0.8373934088652801
1103,2,1,0.8373934088652801
1110,2,1,0.8373934088652801
1114,2,1,0.8373934088652801
1115,2,1,0.8373934088652801
1126,2,1,0.8373934088652801
1129,2,1,0.8373934088652801
1134,2,1,0.8373934088652801
1136,2,1,0.8373934088652801
1152,2,1,0.8881467550357092
1168,2,1,0.8881467550357092
1174,2,1,0.8881467550357092
1177,2,1,0.8881467550357092
1185,2,1,0.8881467550357092
1188,2,1,0.8881467550357092
1190,2,1,0.8881467550357092
1208,2,1,0.8881467550357092
1211,2,1,0.8881467550357092
1218,2,1,0.8881467550357092
1221,2,1,0.8881467550357092
1222,2,1,0.8881467550357092
1224,2,1,0.8881467550357092
1225,2,1,0.8881467550357092
1229,2,1,0.8881467550357092
1231,2,1,0.8881467550357092
1232,2,1,0.8881467550357092
1233,2,1,0.8881467550357092
1236,2,1,0.8881467550357092
1238,2,1,0.8881467550357092
1240,2,1,0.8881467550357092
1245,2,1,0.8881467550357092
1246,2,1,0.8881467550357092
1255,2,1,0.8881467550357092
1258,2,1,0.8881467550357092
1259,2,1,0.8881467550357092
1261,2,1,0.8881467550357092
1262,2,1,0.8881467550357092
1281,2,1,0.8881467550357092
1284,2,1,0.9244872915898084
1286,2,1,0.9244872915898084
1294,2,1,0.9244872915898084
1300,2,1,0.9244872915898084
1309,2,1,0.9244872915898084
1311,2,1,0.9244872915898084
1313,2,1,0.9244872915898084
1324,2,1,0.9244872915898084
1329,2,1,0.9496897913181606
4,3,0,0.4971179344632826
12,3,0,0.21212633968710107
21,3,0,0.7017314423413975
22,3,0,0.21212633968710107
24,3,0,0.390533357650621
25,3,0,0.390533357650621
28,3,0,0.29346522606686115
33,3,0,0.21212633968710107
43,3,0,0.012780740346873652
45,3,1,0.29346522606686115
52,3,1,0.29346522606686115
60,3,1,0.390533357650621
62,3,1,0.390533357650621
63,3,1,0.390533357650621
65,3,1,0.390533357650621
70,3,1,0.390533357650621
74,3,1,0.390533357650621
81,3,1,0.390533357650621
85,3,1,0.390533357650621
89,3,1,0.390533357650621
93,3,1,0.390533357650621
98,3,1,0.390533357650621
101,3,1,0.390533357650621
107,3,1,0.390533357650621
113,3,1,0.390533357650621
119,3,1,0.390533357650621
149,3,1,0.390533357650621
154,3,1,0.4971179344632826
173,3,1,0.4971179344632826
186,3,1,0.4971179344632826
189,3,1,0.4971179344632826
201,3,1,0.4971179344632826
211,3,1,0.4971179344632826
213,3,1,0.4971179344632826
216,3,1,0.4971179344632826
219,3,1,0.4971179344632826
221,3,1,0.4971179344632826
223,3,1,0.4971179344632826
230,3,1,0.4971179344632826
232,3,1,0.4971179344632826
233,3,1,0.4971179344632826
236,3,1,0.4971179344632826
237,3,1,0.4971179344632826
240,3,1,0.4971179344632826
241,3,1,0.4971179344632826
251,3,1,0.4971179344632826
257,3,1,0.4971179344632826
269,3,1,0.4971179344632826
274,3,1,0.4971179344632826
277,3,1,0.4971179344632826
298,3,1,0.4971179344632826
300,3,1,0.4971179344632826
306,3,1,0.4971179344632826
308,3,1,0.4971179344632826
311,3,1,0.4971179344632826
313,3,1,0.4971179344632826
318,3,1,0.4971179344632826
326,3,1,0.4971179344632826
330,3,1,0.4971179344632826
334,3,1,0.4971179344632826
338,3,1,0.4971179344632826
340,3,1,0.4971179344632826
350,3,1,0.6039650936763221
351,3,1,0.6039650936763221
354,3,1,0.6039650936763221
355,3,1,0.6039650936763221
356,3,1,0.6039650936763221
361,3,1,0.6039650936763221
362,3,1,0.6039650936763221
365,3,1,0.6039650936763221
366,3,1,0.6039650936763221
371,3,1,0.6039650936763221
374,3,1,0.6039650936763221
376,3,1,0.6039650936763221
382,3,1,0.6039650936763221
386,3,1,0.6039650936763221
397,3,1,0.6039650936763221
405,3,1,0.6039650936763221
408,3,1,0.6039650936763221
410,3,1,0.6039650936763221
412,3,1,0.6039650936763221
416,3,1,0.6039650936763221
418,3,1,0.6039650936763221
419,3,1,0.6039650936763221
435,3,1,0.6039650936763221
444,3,1,0.6039650936763221
462,3,1,0.6039650936763221
465,3,1,0.6039650936763221
466,3,1,0.6039650936763221
467,3,1,0.6039650936763221
471,3,1,0.6039650936763221
475,3,1,0.6039650936763221
476,3,1,0.6039650936763221
484,3,1,0.6039650936763221
488,3,1,0.6039650936763221
496,3,1,0.6039650936763221
498,3,1,0.6039650936763221
499,3,1,0.6039650936763221
516,3,1,0.6039650936763221
517,3,1,0.6039650936763221
518,3,1,0.6039650936763221
521,3,1,0.6039650936763221
529,3,1,0.6039650936763221
530,3,1,0.6039650936763221
532,3,1,0.6039650936763221
542,3,1,0.6039650936763221
544,3,1,0.6039650936763221
545,3,1,0.6039650936763221
548,3,1,0.6039650936763221
557,3,1,0.6039650936763221
569,3,1,0.6039650936763221
572,3,1,0.6039650936763221
580,3,1,0.6039650936763221
585,3,1,0.6039650936763221
590,3,1,0.6039650936763221
592,3,1,0.6039650936763221
599,3,1,0.6039650936763221
612,3,1,0.7017314423413975
614,3,1,0.7017314423413975
617,3,1,0.7017314423413975
623,3,1,0.7017314423413975
626,3,1,0.7017314423413975
633,3,1,0.7017314423413975
637,3,1,0.7017314423413975
639,3,1,0.7017314423413975
640,3,1,0.7017314423413975
641,3,1,0.7017314423413975
643,3,1,0.7017314423413975
649,3,1,0.7017314423413975
650,3,1,0.7017314423413975
652,3,1,0.7017314423413975
655,3,1,0.7017314423413975
656,3,1,0.7017314423413975
661,3,1,0.7017314423413975
664,3,1,0.7017314423413975
666,3,1,0.7017314423413975
669,3,1,0.7017314423413975
672,3,1,0.7017314423413975
673,3,1,0.7017314423413975
680,3,1,0.7017314423413975
687,3,1,0.7017314423413975
694,3,1,0.7017314423413975
713,3,1,0.7017314423413975
714,3,1,0.7017314423413975
723,3,1,0.7017314423413975
724,3,1,0.7017314423413975
725,3,1,0.7017314423413975
731,3,1,0.7017314423413975
733,3,1,0.7017314423413975
734,3,1,0.7017314423413975
735,3,1,0.7017314423413975
739,3,1,0.7017314423413975
741,3,1,0.7017314423413975
747,3,1,0.7017314423413975
750,3,1,0.7017314423413975
753,3,1,0.7017314423413975
755,3,1,0.7017314423413975
768,3,1,0.7017314423413975
770,3,1,0.7017314423413975
774,3,1,0.7017314423413975
780,3,1,0.7017314423413975
789,3,1,0.7017314423413975
791,3,1,0.7017314423413975
804,3,1,0.7017314423413975
814,3,1,0.7017314423413975
822,3,1,0.7017314423413975
836,3,1,0.7839946344639533
837,3,1,0.7839946344639533
838,3,1,0.7839946344639533
849,3,1,0.7839946344639533
853,3,1,0.7839946344639533
857,3,1,0.7839946344639533
858,3,1,0.7839946344639533
872,3,1,0.7839946344639533
874,3,1,0.7839946344639533
894,3,1,0.7839946344639533
895,3,1,0.7839946344639533
903,3,1,0.7839946344639533
904,3,1,0.7839946344639533
916,3,1,0.7839946344639533
920,3,1,0.7839946344639533
922,3,1,0.7839946344639533
930,3,1,0.7839946344639533
944,3,1,0.7839946344639533
945,3,1,0.7839946344639533
948,3,1,0.7839946344639533
950,3,1,0.7839946344639533
963,3,1,0.7839946344639533
965,3,1,0.7839946344639533
970,3,1,0.7839946344639533
981,3,1,0.7839946344639533
982,3,1,0.7839946344639533
989,3,1,0.8484687484869794
997,3,1,0.8484687484869794
1001,3,1,0.8484687484869794
1003,3,1,0.8484687484869794
1006,3,1,0.8484687484869794
1007,3,1,0.8484687484869794
1012,3,1,0.8484687484869794
1015,3,1,0.8484687484869794
1016,3,1,0.8484687484869794
1026,3,1,0.8484687484869794
1027,3,1,0.8484687484869794
1028,3,1,0.8484687484869794
1029,3,1,0.8484687484869794
1033,3,1,0.8484687484869794
1034,3,1,0.8484687484869794
1046,3,1,0.8484687484869794
1047,3,1,0.8484687484869794
1062,3,1,0.8484687484869794
1064,3,1,0.8484687484869794
1065,3,1,0.8484687484869794
1070,3,1,0.8484687484869794
1078,3,1,0.8484687484869794
1079,3,1,0.8484687484869794
1082,3,1,0.8484687484869794
1086,3,1,0.8484687484869794
1089,3,1,0.8484687484869794
1090,3,1,0.8484687484869794
1097,3,1,0.8484687484869794
1098,3,1,0.8484687484869794
1101,3,1,0.8484687484869794
1117,3,1,0.8484687484869794
1119,3,1,0.8484687484869794
1122,3,1,0.8484687484869794
1140,3,1,0.8484687484869794
1142,3,1,0.8484687484869794
1143,3,1,0.8484687484869794
1145,3,1,0.8484687484869794
1146,3,1,0.8962452180943965
1160,3,1,0.8962452180943965
1164,3,1,0.8962452180943965
1166,3,1,0.8962452180943965
1175,3,1,0.8962452180943965
1178,3,1,0.8962452180943965
1183,3,1,0.8962452180943965
1191,3,1,0.8962452180943965
1193,3,1,0.8962452180943965
1200,3,1,0.8962452180943965
1206,3,1,0.8962452180943965
1213,3,1,0.8962452180943965
1223,3,1,0.8962452180943965
1228,3,1,0.8962452180943965
1230,3,1,0.8962452180943965
1244,3,1,0.8962452180943965
1247,3,1,0.8962452180943965
1248,3,1,0.8962452180943965
1252,3,1,0.8962452180943965
1253,3,1,0.8962452180943965
1257,3,1,0.8962452180943965
1260,3,1,0.8962452180943965
1264,3,1,0.8962452180943965
1269,3,1,0.8962452180943965
1270,3,1,0.8962452180943965
1275,3,1,0.8962452180943965
1296,3,1,0.93019744440686
1298,3,1,0.93019744440686
1302,3,1,0.93019744440686
1304,3,1,0.93019744440686
1306,3,1,0.93019744440686
1314,3,1,0.93019744440686
1315,3,1,0.93019744440686
1319,3,1,0.93019744440686
1321,3,1,0.93019744440686
1323,3,1,0.93019744440686
1325,3,1,0.93019744440686
0,4,0,0.1335363367858457
3,4,0,0.1335363367858457
5,4,0,0.19575852370559804
16,4,0,0.790700902044921
20,4,0,0.48951875568498354
30,4,0,0.48951875568498354
35,4,0,0.0004049177152980746
39,4,0,0.3777851092770055
44,4,0,0.00025641662623717337
50,4,1,0.27768201560616024
51,4,1,0.27768201560616024
55,4,1,0.3777851092770055
68,4,1,0.3777851092770055
77,4,1,0.3777851092770055
82,4,1,0.3777851092770055
90,4,1,0.3777851092770055
92,4,1,0.3777851092770055
106,4,1,0.3777851092770055
109,4,1,0.3777851092770055
111,4,1,0.3777851092770055
112,4,1,0.3777851092770055
117,4,1,0.3777851092770055
126,4,1,0.3777851092770055
133,4,1,0.3777851092770055
135,4,1,0.3777851092770055
139,4,1,0.3777851092770055
153,4,1,0.48951875568498354
155,4,1,0.48951875568498354
157,4,1,0.48951875568498354
159,4,1,0.48951875568498354
162,4,1,0.48951875568498354
165,4,1,0.48951875568498354
169,4,1,0.48951875568498354
170,4,1,0.48951875568498354
174,4,1,0.48951875568498354
176,4,1,0.48951875568498354
177,4,1,0.48951875568498354
178,4,1,0.48951875568498354
179,4,1,0.48951875568498354
181,4,1,0.48951875568498354
182,4,1,0.48951875568498354
185,4,1,0.48951875568498354
187,4,1,0.48951875568498354
188,4,1,0.48951875568498354
190,4,1,0.48951875568498354
191,4,1,0.48951875568498354
195,4,1,0.48951875568498354
203,4,1,0.48951875568498354
214,4,1,0.48951875568498354
218,4,1,0.48951875568498354
226,4,1,0.48951875568498354
235,4,1,0.48951875568498354
238,4,1,0.48951875568498354
239,4,1,0.48951875568498354
254,4,1,0.48951875568498354
261,4,1,0.48951875568498354
265,4,1,0.48951875568498354
267,4,1,0.48951875568498354
268,4,1,0.48951875568498354
270,4,1,0.48951875568498354
273,4,1,0.48951875568498354
278,4,1,0.48951875568498354
286,4,1,0.48951875568498354
297,4,1,0.48951875568498354
301,4,1,0.48951875568498354
310,4,1,0.48951875568498354
329,4,1,0.48951875568498354
333,4,1,0.48951875568498354
341,4,1,0.48951875568498354
344,4,1,0.48951875568498354
346,4,1,0.48951875568498354
348,4,1,0.48951875568498354
360,4,1,0.602309588299975
367,4,1,0.602309588299975
368,4,1,0.602309588299975
372,4,1,0.602309588299975
379,4,1,0.602309588299975
380,4,1,0.602309588299975
394,4,1,0.602309588299975
398,4,1,0.602309588299975
406,4,1,0.602309588299975
409,4,1,0.602309588299975
415,4,1,0.602309588299975
424,4,1,0.602309588299975
432,4,1,0.602309588299975
434,4,1,0.602309588299975
441,4,1,0.602309588299975
446,4,1,0.602309588299975
448,4,1,0.602309588299975
449,4,1,0.602309588299975
459,4,1,0.602309588299975
461,4,1,0.602309588299975
468,4,1,0.602309588299975
477,4,1,0.602309588299975
478,4,1,0.602309588299975
487,4,1,0.602309588299975
490,4,1,0.602309588299975
497,4,1,0.602309588299975
501,4,1,0.602309588299975
509,4,1,0.602309588299975
511,4,1,0.602309588299975
512,4,1,0.602309588299975
524,4,1,0.602309588299975
528,4,1,0.602309588299975
538,4,1,0.602309588299975
541,4,1,0.602309588299975
543,4,1,0.602309588299975
546,4,1,0.602309588299975
547,4,1,0.602309588299975
549,4,1,0.602309588299975
550,4,1,0.602309588299975
551,4,1,0.602309588299975
552,4,1,0.602309588299975
553,4,1,0.602309588299975
556,4,1,0.602309588299975
570,4,1,0.602309588299975
586,4,1,0.602309588299975
594,4,1,0.602309588299975
598,4,1,0.602309588299975
611,4,1,0.7051880051313528
615,4,1,0.7051880051313528
620,4,1,0.7051880051313528
625,4,1,0.7051880051313528
634,4,1,0.7051880051313528
638,4,1,0.7051880051313528
642,4,1,0.7051880051313528
644,4,1,0.7051880051313528
646,4,1,0.7051880051313528
653,4,1,0.7051880051313528
665,4,1,0.7051880051313528
676,4,1,0.7051880051313528
678,4,1,0.7051880051313528
691,4,1,0.7051880051313528
696,4,1,0.7051880051313528
703,4,1,0.7051880051313528
706,4,1,0.7051880051313528
709,4,1,0.7051880051313528
712,4,1,0.7051880051313528
718,4,1,0.7051880051313528
720,4,1,0.7051880051313528
727,4,1,0.7051880051313528
729,4,1,0.7051880051313528
736,4,1,0.7051880051313528
743,4,1,0.7051880051313528
749,4,1,0.7051880051313528
757,4,1,0.7051880051313528
759,4,1,0.7051880051313528
764,4,1,0.7051880051313528
766,4,1,0.7051880051313528
767,4,1,0.7051880051313528
769,4,1,0.7051880051313528
786,4,1,0.7051880051313528
794,4,1,0.7051880051313528
801,4,1,0.7051880051313528
802,4,1,0.7051880051313528
808,4,1,0.7051880051313528
809,4,1,0.7051880051313528
812,4,1,0.7051880051313528
821,4,1,0.7051880051313528
823,4,1,0.7051880051313528
830,4,1,0.790700902044921
831,4,1,0.790700902044921
832,4,1,0.790700902044921
839,4,1,0.790700902044921
842,4,1,0.790700902044921
846,4,1,0.790700902044921
856,4,1,0.790700902044921
859,4,1,0.790700902044921
863,4,1,0.790700902044921
864,4,1,0.790700902044921
866,4,1,0.790700902044921
869,4,1,0.790700902044921
875,4,1,0.790700902044921
877,4,1,0.790700902044921
891,4,1,0.790700902044921
892,4,1,0.790700902044921
901,4,1,0.790700902044921
905,4,1,0.790700902044921
908,4,1,0.790700902044921
909,4,1,0.790700902044921
910,4,1,0.790700902044921
913,4,1,0.790700902044921
926,4,1,0.790700902044921
929,4,1,0.790700902044921
933,4,1,0.790700902044921
935,4,1,0.790700902044921
937,4,1,0.790700902044921
943,4,1,0.790700902044921
957,4,1,0.790700902044921
958,4,1,0.790700902044921
960,4,1,0.790700902044921
967,4,1,0.790700902044921
968,4,1,0.790700902044921
972,4,1,0.790700902044921
977,4,1,0.790700902044921
980,4,1,0.790700902044921
988,4,1,0.8564588239875075
992,4,1,0.8564588239875075
996,4,1,0.8564588239875075
1002,4,1,0.8564588239875075
1004,4,1,0.8564588239875075
1011,4,1,0.8564588239875075
1019,4,1,0.8564588239875075
1032,4,1,0.8564588239875075
1042,4,1,0.8564588239875075
1043,4,1,0.8564588239875075
1045,4,1,0.8564588239875075
1048,4,1,0.8564588239875075
1052,4,1,0.8564588239875075
1056,4,1,0.8564588239875075
1061,4,1,0.8564588239875075
1067,4,1,0.8564588239875075
1080,4,1,0.8564588239875075
1094,4,1,0.8564588239875075
1107,4,1,0.8564588239875075
1108,4,1,0.8564588239875075
1109,4,1,0.8564588239875075
1116,4,1,0.8564588239875075
1118,4,1,0.8564588239875075
1120,4,1,0.8564588239875075
1130,4,1,0.8564588239875075
1132,4,1,0.8564588239875075
1135,4,1,0.8564588239875075
1137,4,1,0.8564588239875075
1138,4,1,0.8564588239875075
1139,4,1,0.8564588239875075
1144,4,1,0.8564588239875075
1148,4,1,0.9040635066499532
1150,4,1,0.9040635066499532
1153,4,1,0.9040635066499532
1158,4,1,0.9040635066499532
1161,4,1,0.9040635066499532
1165,4,1,0.9040635066499532
1167,4,1,0.9040635066499532
1170,4,1,0.9040635066499532
1176,4,1,0.9040635066499532
1180,4,1,0.9040635066499532
1184,4,1,0.9040635066499532
1196,4,1,0.9040635066499532
1202,4,1,0.9040635066499532
1203,4,1,0.9040635066499532
1204,4,1,0.9040635066499532
1212,4,1,0.9040635066499532
1214,4,1,0.9040635066499532
1215,4,1,0.9040635066499532
1217,4,1,0.9040635066499532
1219,4,1,0.9040635066499532
1227,4,1,0.9040635066499532
1234,4,1,0.9040635066499532
1235,4,1,0.9040635066499532
1237,4,1,0.9040635066499532
1239,4,1,0.9040635066499532
1241,4,1,0.9040635066499532
1249,4,1,0.9040635066499532
1256,4,1,0.9040635066499532
1267,4,1,0.9040635066499532
1268,4,1,0.9040635066499532
1273,4,1,0.9040635066499532
1282,4,1,0.9040635066499532
1283,4,1,0.9370409235023766
1285,4,1,0.9370409235023766
1289,4,1,0.9370409235023766
1290,4,1,0.9370409235023766
1297,4,1,0.9370409235023766
1312,4,1,0.9370409235023766
1316,4,1,0.9370409235023766
1,5,0,0.387134369067633
3,5,0,0.15373055735731728
7,5,0,0.4890135073225773
12,5,0,0.21581633258235478
13,5,0,0.21581633258235478
18,5,0,0.387134369067633
23,5,0,0.21581633258235478
26,5,0,0.21581633258235478
31,5,0,0.29425760483467317
46,5,1,0.29425760483467317
48,5,1,0.29425760483467317
50,5,1,0.29425760483467317
58,5,1,0.387134369067633
59,5,1,0.387134369067633
71,5,1,0.387134369067633
77,5,1,0.387134369067633
79,5,1,0.387134369067633
83,5,1,0.387134369067633
90,5,1,0.387134369067633
92,5,1,0.387134369067633
102,5,1,0.387134369067633
106,5,1,0.387134369067633
110,5,1,0.387134369067633
111,5,1,0.387134369067633
113,5,1,0.387134369067633
115,5,1,0.387134369067633
116,5,1,0.387134369067633
121,5,1,0.387134369067633
130,5,1,0.387134369067633
136,5,1,0.387134369067633
150,5,1,0.387134369067633
151,5,1,0.4890135073225773
161,5,1,0.4890135073225773
167,5,1,0.4890135073225773
178,5,1,0.4890135073225773
180,5,1,0.4890135073225773
182,5,1,0.4890135073225773
184,5,1,0.4890135073225773
188,5,1,0.4890135073225773
190,5,1,0.4890135073225773
192,5,1,0.4890135073225773
200,5,1,0.4890135073225773
211,5,1,0.4890135073225773
215,5,1,0.4890135073225773
220,5,1,0.4890135073225773
221,5,1,0.4890135073225773
232,5,1,0.4890135073225773
234,5,1,0.4890135073225773
239,5,1,0.4890135073225773
247,5,1,0.4890135073225773
248,5,1,0.4890135073225773
256,5,1,0.4890135073225773
258,5,1,0.4890135073225773
263,5,1,0.4890135073225773
268,5,1,0.4890135073225773
272,5,1,0.4890135073225773
282,5,1,0.4890135073225773
283,5,1,0.4890135073225773
286,5,1,0.4890135073225773
290,5,1,0.4890135073225773
291,5,1,0.4890135073225773
294,5,1,0.4890135073225773
295,5,1,0.4890135073225773
301,5,1,0.4890135073225773
305,5,1,0.4890135073225773
315,5,1,0.4890135073225773
318,5,1,0.4890135073225773
319,5,1,0.4890135073225773
325,5,1,0.4890135073225773
329,5,1,0.4890135073225773
332,5,1,0.4890135073225773
333,5,1,0.4890135073225773
338,5,1,0.4890135073225773
339,5,1,0.4890135073225773
340,5,1,0.4890135073225773
343,5,1,0.4890135073225773
344,5,1,0.4890135073225773
345,5,1,0.4890135073225773
356,5,1,0.5918135987634844
359,5,1,0.5918135987634844
360,5,1,0.5918135987634844
363,5,1,0.5918135987634844
368,5,1,0.5918135987634844
376,5,1,0.5918135987634844
382,5,1,0.5918135987634844
395,5,1,0.5918135987634844
396,5,1,0.5918135987634844
397,5,1,0.5918135987634844
403,5,1,0.5918135987634844
404,5,1,0.5918135987634844
405,5,1,0.5918135987634844
425,5,1,0.5918135987634844
428,5,1,0.5918135987634844
429,5,1,0.5918135987634844
432,5,1,0.5918135987634844
433,5,1,0.5918135987634844
443,5,1,0.5918135987634844
446,5,1,0.5918135987634844
449,5,1,0.5918135987634844
450,5,1,0.5918135987634844
453,5,1,0.5918135987634844
455,5,1,0.5918135987634844
457,5,1,0.5918135987634844
471,5,1,0.5918135987634844
479,5,1,0.5918135987634844
481,5,1,0.5918135987634844
483,5,1,0.5918135987634844
484,5,1,0.5918135987634844
493,5,1,0.5918135987634844
496,5,1,0.5918135987634844
497,5,1,0.5918135987634844
502,5,1,0.5918135987634844
503,5,1,0.5918135987634844
511,5,1,0.5918135987634844
529,5,1,0.5918135987634844
532,5,1,0.5918135987634844
534,5,1,0.5918135987634844
539,5,1,0.5918135987634844
543,5,1,0.5918135987634844
549,5,1,0.5918135987634844
551,5,1,0.5918135987634844
566,5,1,0.5918135987634844
571,5,1,0.5918135987634844
573,5,1,0.5918135987634844
574,5,1,0.5918135987634844
575,5,1,0.5918135987634844
580,5,1,0.5918135987634844
597,5,1,0.5918135987634844
600,5,1,0.5918135987634844
613,5,1,0.6871628647594032
614,5,1,0.6871628647594032
615,5,1,0.6871628647594032
617,5,1,0.6871628647594032
620,5,1,0.6871628647594032
625,5,1,0.6871628647594032
628,5,1,0.6871628647594032
633,5,1,0.6871628647594032
637,5,1,0.6871628647594032
640,5,1,0.6871628647594032
646,5,1,0.6871628647594032
657,5,1,0.6871628647594032
666,5,1,0.6871628647594032
668,5,1,0.6871628647594032
670,5,1,0.6871628647594032
681,5,1,0.6871628647594032
687,5,1,0.6871628647594032
688,5,1,0.6871628647594032
693,5,1,0.6871628647594032
705,5,1,0.6871628647594032
706,5,1,0.6871628647594032
719,5,1,0.6871628647594032
731,5,1,0.6871628647594032
736,5,1,0.6871628647594032
739,5,1,0.6871628647594032
741,5,1,0.6871628647594032
752,5,1,0.6871628647594032
758,5,1,0.6871628647594032
759,5,1,0.6871628647594032
766,5,1,0.6871628647594032
768,5,1,0.6871628647594032
774,5,1,0.6871628647594032
777,5,1,0.6871628647594032
780,5,1,0.6871628647594032
783,5,1,0.6871628647594032
785,5,1,0.6871628647594032
786,5,1,0.6871628647594032
796,5,1,0.6871628647594032
799,5,1,0.6871628647594032
801,5,1,0.6871628647594032
802,5,1,0.6871628647594032
804,5,1,0.6871628647594032
813,5,1,0.6871628647594032
818,5,1,0.6871628647594032
819,5,1,0.6871628647594032
821,5,1,0.6871628647594032
822,5,1,0.6871628647594032
831,5,1,0.7689353649002766
839,5,1,0.7689353649002766
849,5,1,0.7689353649002766
850,5,1,0.7689353649002766
851,5,1,0.7689353649002766
852,5,1,0.7689353649002766
853,5,1,0.7689353649002766
855,5,1,0.7689353649002766
857,5,1,0.7689353649002766
874,5,1,0.7689353649002766
881,5,1,0.7689353649002766
885,5,1,0.7689353649002766
886,5,1,0.7689353649002766
897,5,1,0.7689353649002766
903,5,1,0.7689353649002766
911,5,1,0.7689353649002766
912,5,1,0.7689353649002766
918,5,1,0.7689353649002766
919,5,1,0.7689353649002766
921,5,1,0.7689353649002766
925,5,1,0.7689353649002766
944,5,1,0.7689353649002766
946,5,1,0.7689353649002766
950,5,1,0.7689353649002766
951,5,1,0.7689353649002766
952,5,1,0.7689353649002766
956,5,1,0.7689353649002766
970,5,1,0.7689353649002766
982,5,1,0.7689353649002766
984,5,1,0.7689353649002766
986,5,1,0.8344818678301549
994,5,1,0.8344818678301549
995,5,1,0.8344818678301549
996,5,1,0.8344818678301549
998,5,1,0.8344818678301549
1001,5,1,0.8344818678301549
1002,5,1,0.8344818678301549
1005,5,1,0.8344818678301549
1011,5,1,0.8344818678301549
1012,5,1,0.8344818678301549
1014,5,1,0.8344818678301549
1021,5,1,0.8344818678301549
1026,5,1,0.8344818678301549
1031,5,1,0.8344818678301549
1033,5,1,0.8344818678301549
1037,5,1,0.8344818678301549
1043,5,1,0.8344818678301549
1052,5,1,0.8344818678301549
1055,5,1,0.8344818678301549
1060,5,1,0.8344818678301549
1071,5,1,0.8344818678301549
1081,5,1,0.8344818678301549
1086,5,1,0.8344818678301549
1093,5,1,0.8344818678301549
1096,5,1,0.8344818678301549
1103,5,1,0.8344818678301549
1113,5,1,0.8344818678301549
1128,5,1,0.8344818678301549
1130,5,1,0.8344818678301549
1137,5,1,0.8344818678301549
1158,5,1,0.884234027904423
1163,5,1,0.884234027904423
1172,5,1,0.884234027904423
1173,5,1,0.884234027904423
1176,5,1,0.884234027904423
1184,5,1,0.884234027904423
1190,5,1,0.884234027904423
1193,5,1,0.884234027904423
1200,5,1,0.884234027904423
1204,5,1,0.884234027904423
1209,5,1,0.884234027904423
1211,5,1,0.884234027904423
1223,5,1,0.884234027904423
1225,5,1,0.884234027904423
1227,5,1,0.884234027904423
1236,5,1,0.884234027904423
1241,5,1,0.884234027904423
1249,5,1,0.884234027904423
1251,5,1,0.884234027904423
1255,5,1,0.884234027904423
1256,5,1,0.884234027904423
1266,5,1,0.884234027904423
1270,5,1,0.884234027904423
1281,5,1,0.884234027904423
1285,5,1,0.9204569554587354
1290,5,1,0.9204569554587354
1299,5,1,0.9204569554587354
1305,5,1,0.9204569554587354
1308,5,1,0.9204569554587354
1313,5,1,0.9204569554587354
1315,5,1,0.9204569554587354
4,6,0,0.4892284822179706
11,6,0,0.3774754903504117
17,6,0,0.277386636045407
19,6,0,0.6020686286500817
21,6,0,0.7050112426919823
34,6,0,0.0039530451305784964
36,6,0,0.0039530451305784964
37,6,0,0.0025061636286375882
40,6,0,0.08874822144874413
53,6,1,0.3774754903504117
55,6,1,0.3774754903504117
63,6,1,0.3774754903504117
66,6,1,0.3774754903504117
67,6,1,0.3774754903504117
76,6,1,0.3774754903504117
80,6,1,0.3774754903504117
85,6,1,0.3774754903504117
87,6,1,0.3774754903504117
99,6,1,0.3774754903504117
104,6,1,0.3774754903504117
105,6,1,0.3774754903504117
114,6,1,0.3774754903504117
119,6,1,0.3774754903504117
132,6,1,0.3774754903504117
133,6,1,0.3774754903504117
137,6,1,0.3774754903504117
140,6,1,0.3774754903504117
154,6,1,0.4892284822179706
156,6,1,0.4892284822179706
162,6,1,0.4892284822179706
170,6,1,0.4892284822179706
175,6,1,0.4892284822179706
177,6,1,0.4892284822179706
195,6,1,0.4892284822179706
198,6,1,0.4892284822179706
206,6,1,0.4892284822179706
208,6,1,0.4892284822179706
210,6,1,0.4892284822179706
217,6,1,0.4892284822179706
219,6,1,0.4892284822179706
225,6,1,0.4892284822179706
240,6,1,0.4892284822179706
252,6,1,0.4892284822179706
253,6,1,0.4892284822179706
262,6,1,0.4892284822179706
264,6,1,0.4892284822179706
270,6,1,0.4892284822179706
274,6,1,0.4892284822179706
277,6,1,0.4892284822179706
278,6,1,0.4892284822179706
280,6,1,0.4892284822179706
284,6,1,0.4892284822179706
292,6,1,0.4892284822179706
300,6,1,0.4892284822179706
302,6,1,0.4892284822179706
303,6,1,0.4892284822179706
308,6,1,0.4892284822179706
314,6,1,0.4892284822179706
320,6,1,0.4892284822179706
334,6,1,0.4892284822179706
336,6,1,0.4892284822179706
341,6,1,0.4892284822179706
346,6,1,0.4892284822179706
348,6,1,0.4892284822179706
350,6,1,0.6020686286500817
355,6,1,0.6020686286500817
357,6,1,0.6020686286500817
365,6,1,0.6020686286500817
374,6,1,0.6020686286500817
378,6,1,0.6020686286500817
389,6,1,0.6020686286500817
390,6,1,0.6020686286500817
394,6,1,0.6020686286500817
402,6,1,0.6020686286500817
406,6,1,0.6020686286500817
411,6,1,0.6020686286500817
412,6,1,0.6020686286500817
413,6,1,0.6020686286500817
414,6,1,0.6020686286500817
426,6,1,0.6020686286500817
431,6,1,0.6020686286500817
439,6,1,0.6020686286500817
444,6,1,0.6020686286500817
451,6,1,0.6020686286500817
454,6,1,0.6020686286500817
461,6,1,0.6020686286500817
462,6,1,0.6020686286500817
464,6,1,0.6020686286500817
474,6,1,0.6020686286500817
476,6,1,0.6020686286500817
482,6,1,0.6020686286500817
485,6,1,0.6020686286500817
491,6,1,0.6020686286500817
498,6,1,0.6020686286500817
501,6,1,0.6020686286500817
510,6,1,0.6020686286500817
519,6,1,0.6020686286500817
520,6,1,0.6020686286500817
521,6,1,0.6020686286500817
525,6,1,0.6020686286500817
527,6,1,0.6020686286500817
536,6,1,0.6020686286500817
542,6,1,0.6020686286500817
544,6,1,0.6020686286500817
548,6,1,0.6020686286500817
552,6,1,0.6020686286500817
556,6,1,0.6020686286500817
560,6,1,0.6020686286500817
561,6,1,0.6020686286500817
564,6,1,0.6020686286500817
565,6,1,0.6020686286500817
569,6,1,0.6020686286500817
590,6,1,0.6020686286500817
591,6,1,0.6020686286500817
594,6,1,0.6020686286500817
598,6,1,0.6020686286500817
599,6,1,0.6020686286500817
608,6,1,0.7050112426919823
611,6,1,0.7050112426919823
627,6,1,0.7050112426919823
631,6,1,0.7050112426919823
634,6,1,0.7050112426919823
635,6,1,0.7050112426919823
647,6,1,0.7050112426919823
648,6,1,0.7050112426919823
650,6,1,0.7050112426919823
663,6,1,0.7050112426919823
665,6,1,0.7050112426919823
674,6,1,0.7050112426919823
678,6,1,0.7050112426919823
679,6,1,0.7050112426919823
680,6,1,0.7050112426919823
682,6,1,0.7050112426919823
691,6,1,0.7050112426919823
696,6,1,0.7050112426919823
698,6,1,0.7050112426919823
701,6,1,0.7050112426919823
702,6,1,0.7050112426919823
712,6,1,0.7050112426919823
714,6,1,0.7050112426919823
717,6,1,0.7050112426919823
722,6,1,0.7050112426919823
727,6,1,0.7050112426919823
740,6,1,0.7050112426919823
746,6,1,0.7050112426919823
763,6,1,0.7050112426919823
767,6,1,0.7050112426919823
771,6,1,0.7050112426919823
773,6,1,0.7050112426919823
775,6,1,0.7050112426919823
778,6,1,0.7050112426919823
792,6,1,0.7050112426919823
798,6,1,0.7050112426919823
803,6,1,0.7050112426919823
806,6,1,0.7050112426919823
812,6,1,0.7050112426919823
823,6,1,0.7050112426919823
825,6,1,0.7050112426919823
826,6,1,0.7050112426919823
829,6,1,0.7905859731677719
832,6,1,0.7905859731677719
836,6,1,0.7905859731677719
841,6,1,0.7905859731677719
846,6,1,0.7905859731677719
847,6,1,0.7905859731677719
848,6,1,0.7905859731677719
858,6,1,0.7905859731677719
862,6,1,0.7905859731677719
866,6,1,0.7905859731677719
868,6,1,0.7905859731677719
870,6,1,0.7905859731677719
872,6,1,0.7905859731677719
883,6,1,0.7905859731677719
887,6,1,0.7905859731677719
891,6,1,0.7905859731677719
895,6,1,0.7905859731677719
898,6,1,0.7905859731677719
905,6,1,0.7905859731677719
910,6,1,0.7905859731677719
916,6,1,0.7905859731677719
920,6,1,0.7905859731677719
927,6,1,0.7905859731677719
928,6,1,0.7905859731677719
934,6,1,0.7905859731677719
935,6,1,0.7905859731677719
937,6,1,0.7905859731677719
957,6,1,0.7905859731677719
959,6,1,0.7905859731677719
961,6,1,0.7905859731677719
962,6,1,0.7905859731677719
968,6,1,0.7905859731677719
977,6,1,0.7905859731677719
979,6,1,0.7905859731677719
981,6,1,0.7905859731677719
983,6,1,0.7905859731677719
989,6,1,0.8563926024403963
991,6,1,0.8563926024403963
992,6,1,0.8563926024403963
1022,6,1,0.8563926024403963
1024,6,1,0.8563926024403963
1035,6,1,0.8563926024403963
1036,6,1,0.8563926024403963
1040,6,1,0.8563926024403963
1045,6,1,0.8563926024403963
1046,6,1,0.8563926024403963
1047,6,1,0.8563926024403963
1048,6,1,0.8563926024403963
1050,6,1,0.8563926024403963
1056,6,1,0.8563926024403963
1058,6,1,0.8563926024403963
1059,6,1,0.8563926024403963
1061,6,1,0.8563926024403963
1070,6,1,0.8563926024403963
1076,6,1,0.8563926024403963
1080,6,1,0.8563926024403963
1085,6,1,0.8563926024403963
1087,6,1,0.8563926024403963
1095,6,1,0.8563926024403963
1107,6,1,0.8563926024403963
1111,6,1,0.8563926024403963
1119,6,1,0.8563926024403963
1120,6,1,0.8563926024403963
1124,6,1,0.8563926024403963
1127,6,1,0.8563926024403963
1129,6,1,0.8563926024403963
1133,6,1,0.8563926024403963
1139,6,1,0.8563926024403963
1141,6,1,0.8563926024403963
1144,6,1,0.8563926024403963
1149,6,1,0.9040303007982831
1152,6,1,0.9040303007982831
1154,6,1,0.9040303007982831
1157,6,1,0.9040303007982831
1160,6,1,0.9040303007982831
1166,6,1,0.9040303007982831
1175,6,1,0.9040303007982831
1177,6,1,0.9040303007982831
1179,6,1,0.9040303007982831
1183,6,1,0.9040303007982831
1185,6,1,0.9040303007982831
1191,6,1,0.9040303007982831
1201,6,1,0.9040303007982831
1203,6,1,0.9040303007982831
1218,6,1,0.9040303007982831
1230,6,1,0.9040303007982831
1237,6,1,0.9040303007982831
1238,6,1,0.9040303007982831
1260,6,1,0.9040303007982831
1264,6,1,0.9040303007982831
1265,6,1,0.9040303007982831
1267,6,1,0.9040303007982831
1268,6,1,0.9040303007982831
1272,6,1,0.9040303007982831
1273,6,1,0.9040303007982831
1276,6,1,0.9040303007982831
1277,6,1,0.9040303007982831
1278,6,1,0.9040303007982831
1282,6,1,0.9040303007982831
1283,6,1,0.9370275285682247
1291,6,1,0.9370275285682247
1295,6,1,0.9370275285682247
1298,6,1,0.9370275285682247
1304,6,1,0.9370275285682247
1306,6,1,0.9370275285682247
1321,6,1,0.9370275285682247
1324,6,1,0.9370275285682247
2,7,0,0.5092192022458789
9,7,0,0.8091770742873502
15,7,0,0.2887123074415133
16,7,0,0.8091770742873502
25,7,0,0.39355752365273533
27,7,0,0.2887123074415133
29,7,0,0.05848605744050518
33,7,0,0.20247288007344638
39,7,0,0.39355752365273533
47,7,1,0.2887123074415133
54,7,1,0.39355752365273533
57,7,1,0.39355752365273533
64,7,1,0.39355752365273533
70,7,1,0.39355752365273533
73,7,1,0.39355752365273533
75,7,1,0.39355752365273533
89,7,1,0.39355752365273533
94,7,1,0.39355752365273533
101,7,1,0.39355752365273533
107,7,1,0.39355752365273533
112,7,1,0.39355752365273533
118,7,1,0.39355752365273533
122,7,1,0.39355752365273533
125,7,1,0.39355752365273533
131,7,1,0.39355752365273533
134,7,1,0.39355752365273533
141,7,1,0.39355752365273533
143,7,1,0.39355752365273533
145,7,1,0.39355752365273533
148,7,1,0.39355752365273533
163,7,1,0.5092192022458789
171,7,1,0.5092192022458789
172,7,1,0.5092192022458789
174,7,1,0.5092192022458789
176,7,1,0.5092192022458789
179,7,1,0.5092192022458789
185,7,1,0.5092192022458789
187,7,1,0.5092192022458789
191,7,1,0.5092192022458789
194,7,1,0.5092192022458789
196,7,1,0.5092192022458789
197,7,1,0.5092192022458789
207,7,1,0.5092192022458789
212,7,1,0.5092192022458789
213,7,1,0.5092192022458789
223,7,1,0.5092192022458789
230,7,1,0.5092192022458789
235,7,1,0.5092192022458789
237,7,1,0.5092192022458789
241,7,1,0.5092192022458789
243,7,1,0.5092192022458789
254,7,1,0.5092192022458789
260,7,1,0.5092192022458789
261,7,1,0.5092192022458789
273,7,1,0.5092192022458789
287,7,1,0.5092192022458789
299,7,1,0.5092192022458789
306,7,1,0.5092192022458789
309,7,1,0.5092192022458789
317,7,1,0.5092192022458789
322,7,1,0.5092192022458789
323,7,1,0.5092192022458789
337,7,1,0.5092192022458789
342,7,1,0.5092192022458789
353,7,1,0.6239022481605747
354,7,1,0.6239022481605747
358,7,1,0.6239022481605747
364,7,1,0.6239022481605747
371,7,1,0.6239022481605747
381,7,1,0.6239022481605747
385,7,1,0.6239022481605747
387,7,1,0.6239022481605747
393,7,1,0.6239022481605747
398,7,1,0.6239022481605747
408,7,1,0.6239022481605747
421,7,1,0.6239022481605747
422,7,1,0.6239022481605747
423,7,1,0.6239022481605747
424,7,1,0.6239022481605747
430,7,1,0.6239022481605747
437,7,1,0.6239022481605747
442,7,1,0.6239022481605747
447,7,1,0.6239022481605747
458,7,1,0.6239022481605747
465,7,1,0.6239022481605747
466,7,1,0.6239022481605747
469,7,1,0.6239022481605747
470,7,1,0.6239022481605747
473,7,1,0.6239022481605747
486,7,1,0.6239022481605747
488,7,1,0.6239022481605747
490,7,1,0.6239022481605747
492,7,1,0.6239022481605747
494,7,1,0.6239022481605747
499,7,1,0.6239022481605747
505,7,1,0.6239022481605747
508,7,1,0.6239022481605747
509,7,1,0.6239022481605747
517,7,1,0.6239022481605747
522,7,1,0.6239022481605747
524,7,1,0.6239022481605747
528,7,1,0.6239022481605747
531,7,1,0.6239022481605747
537,7,1,0.6239022481605747
540,7,1,0.6239022481605747
541,7,1,0.6239022481605747
553,7,1,0.6239022481605747
555,7,1,0.6239022481605747
558,7,1,0.6239022481605747
567,7,1,0.6239022481605747
572,7,1,0.6239022481605747
576,7,1,0.6239022481605747
578,7,1,0.6239022481605747
581,7,1,0.6239022481605747
587,7,1,0.6239022481605747
588,7,1,0.6239022481605747
592,7,1,0.6239022481605747
595,7,1,0.6239022481605747
601,7,1,0.7261961613421586
603,7,1,0.7261961613421586
607,7,1,0.7261961613421586
609,7,1,0.7261961613421586
616,7,1,0.7261961613421586
618,7,1,0.7261961613421586
626,7,1,0.7261961613421586
629,7,1,0.7261961613421586
630,7,1,0.7261961613421586
642,7,1,0.7261961613421586
643,7,1,0.7261961613421586
651,7,1,0.7261961613421586
659,7,1,0.7261961613421586
660,7,1,0.7261961613421586
664,7,1,0.7261961613421586
667,7,1,0.7261961613421586
673,7,1,0.7261961613421586
684,7,1,0.7261961613421586
686,7,1,0.7261961613421586
689,7,1,0.7261961613421586
690,7,1,0.7261961613421586
695,7,1,0.7261961613421586
697,7,1,0.7261961613421586
707,7,1,0.7261961613421586
708,7,1,0.7261961613421586
711,7,1,0.7261961613421586
720,7,1,0.7261961613421586
721,7,1,0.7261961613421586
725,7,1,0.7261961613421586
732,7,1,0.7261961613421586
735,7,1,0.7261961613421586
737,7,1,0.7261961613421586
742,7,1,0.7261961613421586
745,7,1,0.7261961613421586
749,7,1,0.7261961613421586
750,7,1,0.7261961613421586
756,7,1,0.7261961613421586
761,7,1,0.7261961613421586
762,7,1,0.7261961613421586
765,7,1,0.7261961613421586
772,7,1,0.7261961613421586
787,7,1,0.7261961613421586
807,7,1,0.7261961613421586
811,7,1,0.7261961613421586
814,7,1,0.7261961613421586
815,7,1,0.7261961613421586
824,7,1,0.7261961613421586
827,7,1,0.7261961613421586
834,7,1,0.8091770742873502
837,7,1,0.8091770742873502
838,7,1,0.8091770742873502
844,7,1,0.8091770742873502
854,7,1,0.8091770742873502
860,7,1,0.8091770742873502
869,7,1,0.8091770742873502
871,7,1,0.8091770742873502
873,7,1,0.8091770742873502
877,7,1,0.8091770742873502
879,7,1,0.8091770742873502
880,7,1,0.8091770742873502
884,7,1,0.8091770742873502
893,7,1,0.8091770742873502
894,7,1,0.8091770742873502
899,7,1,0.8091770742873502
900,7,1,0.8091770742873502
902,7,1,0.8091770742873502
904,7,1,0.8091770742873502
907,7,1,0.8091770742873502
913,7,1,0.8091770742873502
922,7,1,0.8091770742873502
924,7,1,0.8091770742873502
929,7,1,0.8091770742873502
930,7,1,0.8091770742873502
931,7,1,0.8091770742873502
936,7,1,0.8091770742873502
938,7,1,0.8091770742873502
939,7,1,0.8091770742873502
940,7,1,0.8091770742873502
942,7,1,0.8091770742873502
943,7,1,0.8091770742873502
948,7,1,0.8091770742873502
997,7,1,0.8714606346522734
1004,7,1,0.8714606346522734
1009,7,1,0.8714606346522734
1017,7,1,0.8714606346522734
1018,7,1,0.8714606346522734
1019,7,1,0.8714606346522734
1023,7,1,0.8714606346522734
1028,7,1,0.8714606346522734
1030,7,1,0.8714606346522734
1032,7,1,0.8714606346522734
1039,7,1,0.8714606346522734
1042,7,1,0.8714606346522734
1044,7,1,0.8714606346522734
1053,7,1,0.8714606346522734
1054,7,1,0.8714606346522734
1057,7,1,0.8714606346522734
1063,7,1,0.8714606346522734
1068,7,1,0.8714606346522734
1072,7,1,0.8714606346522734
1073,7,1,0.8714606346522734
1077,7,1,0.8714606346522734
1082,7,1,0.8714606346522734
1083,7,1,0.8714606346522734
1108,7,1,0.8714606346522734
1110,7,1,0.8714606346522734
1122,7,1,0.8714606346522734
1123,7,1,0.8714606346522734
1125,7,1,0.8714606346522734
1126,7,1,0.8714606346522734
1135,7,1,0.8714606346522734
1138,7,1,0.8714606346522734
1145,7,1,0.8714606346522734
1147,7,1,0.915537147523715
1151,7,1,0.915537147523715
1161,7,1,0.915537147523715
1165,7,1,0.915537147523715
1167,7,1,0.915537147523715
1169,7,1,0.915537147523715
1174,7,1,0.915537147523715
1178,7,1,0.915537147523715
1182,7,1,0.915537147523715
1189,7,1,0.915537147523715
1196,7,1,0.915537147523715
1210,7,1,0.915537147523715
1212,7,1,0.915537147523715
1215,7,1,0.915537147523715
1217,7,1,0.915537147523715
1229,7,1,0.915537147523715
1233,7,1,0.915537147523715
1239,7,1,0.915537147523715
1246,7,1,0.915537147523715
1247,7,1,0.915537147523715
1253,7,1,0.915537147523715
1261,7,1,0.915537147523715
1263,7,1,0.915537147523715
1271,7,1,0.915537147523715
1279,7,1,0.915537147523715
1280,7,1,0.915537147523715
1289,7,1,0.9454458455841972
1292,7,1,0.9454458455841972
1294,7,1,0.9454458455841972
1301,7,1,0.9454458455841972
1316,7,1,0.9454458455841972
1320,7,1,0.9454458455841972
1327,7,1,0.9454458455841972
1328,7,1,0.9454458455841972
1330,7,1,0.9651666785558027
0,8,0,0.1512084027009707
5,8,0,0.21421946511180479
10,8,0,0.3896650880929093
20,8,0,0.49418974232781626
22,8,0,0.21421946511180479
24,8,0,0.3896650880929093
30,8,0,0.49418974232781626
41,8,0,0.3896650880929093
43,8,0,0.013680302491689233
49,8,1,0.29438146124975784
51,8,1,0.29438146124975784
52,8,1,0.29438146124975784
60,8,1,0.3896650880929093
61,8,1,0.3896650880929093
62,8,1,0.3896650880929093
69,8,1,0.3896650880929093
72,8,1,0.3896650880929093
74,8,1,0.3896650880929093
78,8,1,0.3896650880929093
82,8,1,0.3896650880929093
84,8,1,0.3896650880929093
93,8,1,0.3896650880929093
97,8,1,0.3896650880929093
100,8,1,0.3896650880929093
108,8,1,0.3896650880929093
117,8,1,0.3896650880929093
123,8,1,0.3896650880929093
126,8,1,0.3896650880929093
128,8,1,0.3896650880929093
139,8,1,0.3896650880929093
142,8,1,0.3896650880929093
149,8,1,0.3896650880929093
152,8,1,0.49418974232781626
153,8,1,0.49418974232781626
158,8,1,0.49418974232781626
159,8,1,0.49418974232781626
160,8,1,0.49418974232781626
164,8,1,0.49418974232781626
166,8,1,0.49418974232781626
168,8,1,0.49418974232781626
169,8,1,0.49418974232781626
181,8,1,0.49418974232781626
189,8,1,0.49418974232781626
199,8,1,0.49418974232781626
203,8,1,0.49418974232781626
204,8,1,0.49418974232781626
209,8,1,0.49418974232781626
216,8,1,0.49418974232781626
227,8,1,0.49418974232781626
236,8,1,0.49418974232781626
242,8,1,0.49418974232781626
245,8,1,0.49418974232781626
250,8,1,0.49418974232781626
255,8,1,0.49418974232781626
257,8,1,0.49418974232781626
265,8,1,0.49418974232781626
266,8,1,0.49418974232781626
271,8,1,0.49418974232781626
279,8,1,0.49418974232781626
285,8,1,0.49418974232781626
288,8,1,0.49418974232781626
289,8,1,0.49418974232781626
293,8,1,0.49418974232781626
298,8,1,0.49418974232781626
310,8,1,0.49418974232781626
311,8,1,0.49418974232781626
312,8,1,0.49418974232781626
321,8,1,0.49418974232781626
326,8,1,0.49418974232781626
349,8,1,0.5992247804629737
362,8,1,0.5992247804629737
366,8,1,0.5992247804629737
367,8,1,0.5992247804629737
369,8,1,0.5992247804629737
373,8,1,0.5992247804629737
375,8,1,0.5992247804629737
377,8,1,0.5992247804629737
410,8,1,0.5992247804629737
417,8,1,0.5992247804629737
418,8,1,0.5992247804629737
420,8,1,0.5992247804629737
427,8,1,0.5992247804629737
436,8,1,0.5992247804629737
438,8,1,0.5992247804629737
440,8,1,0.5992247804629737
452,8,1,0.5992247804629737
459,8,1,0.5992247804629737
460,8,1,0.5992247804629737
463,8,1,0.5992247804629737
467,8,1,0.5992247804629737
468,8,1,0.5992247804629737
475,8,1,0.5992247804629737
478,8,1,0.5992247804629737
480,8,1,0.5992247804629737
489,8,1,0.5992247804629737
500,8,1,0.5992247804629737
507,8,1,0.5992247804629737
512,8,1,0.5992247804629737
514,8,1,0.5992247804629737
516,8,1,0.5992247804629737
518,8,1,0.5992247804629737
523,8,1,0.5992247804629737
533,8,1,0.5992247804629737
538,8,1,0.5992247804629737
546,8,1,0.5992247804629737
550,8,1,0.5992247804629737
554,8,1,0.5992247804629737
562,8,1,0.5992247804629737
563,8,1,0.5992247804629737
568,8,1,0.5992247804629737
577,8,1,0.5992247804629737
579,8,1,0.5992247804629737
582,8,1,0.5992247804629737
583,8,1,0.5992247804629737
586,8,1,0.5992247804629737
596,8,1,0.5992247804629737
610,8,1,0.6958713948855809
619,8,1,0.6958713948855809
621,8,1,0.6958713948855809
623,8,1,0.6958713948855809
624,8,1,0.6958713948855809
639,8,1,0.6958713948855809
641,8,1,0.6958713948855809
649,8,1,0.6958713948855809
652,8,1,0.6958713948855809
653,8,1,0.6958713948855809
654,8,1,0.6958713948855809
655,8,1,0.6958713948855809
656,8,1,0.6958713948855809
661,8,1,0.6958713948855809
671,8,1,0.6958713948855809
672,8,1,0.6958713948855809
675,8,1,0.6958713948855809
677,8,1,0.6958713948855809
685,8,1,0.6958713948855809
700,8,1,0.6958713948855809
703,8,1,0.6958713948855809
704,8,1,0.6958713948855809
709,8,1,0.6958713948855809
710,8,1,0.6958713948855809
716,8,1,0.6958713948855809
723,8,1,0.6958713948855809
728,8,1,0.6958713948855809
729,8,1,0.6958713948855809
730,8,1,0.6958713948855809
733,8,1,0.6958713948855809
738,8,1,0.6958713948855809
744,8,1,0.6958713948855809
748,8,1,0.6958713948855809
751,8,1,0.6958713948855809
754,8,1,0.6958713948855809
760,8,1,0.6958713948855809
769,8,1,0.6958713948855809
779,8,1,0.6958713948855809
781,8,1,0.6958713948855809
789,8,1,0.6958713948855809
791,8,1,0.6958713948855809
794,8,1,0.6958713948855809
797,8,1,0.6958713948855809
800,8,1,0.6958713948855809
805,8,1,0.6958713948855809
808,8,1,0.6958713948855809
809,8,1,0.6958713948855809
828,8,1,0.6958713948855809
833,8,1,0.7778519837933985
835,8,1,0.7778519837933985
840,8,1,0.7778519837933985
843,8,1,0.7778519837933985
859,8,1,0.7778519837933985
863,8,1,0.7778519837933985
864,8,1,0.7778519837933985
867,8,1,0.7778519837933985
876,8,1,0.7778519837933985
882,8,1,0.7778519837933985
888,8,1,0.7778519837933985
890,8,1,0.7778519837933985
896,8,1,0.7778519837933985
914,8,1,0.7778519837933985
926,8,1,0.7778519837933985
933,8,1,0.7778519837933985
947,8,1,0.7778519837933985
953,8,1,0.7778519837933985
955,8,1,0.7778519837933985
958,8,1,0.7778519837933985
963,8,1,0.7778519837933985
965,8,1,0.7778519837933985
971,8,1,0.7778519837933985
974,8,1,0.7778519837933985
976,8,1,0.7778519837933985
985,8,1,0.8427284029091119
987,8,1,0.8427284029091119
990,8,1,0.8427284029091119
999,8,1,0.8427284029091119
1000,8,1,0.8427284029091119
1007,8,1,0.8427284029091119
1013,8,1,0.8427284029091119
1015,8,1,0.8427284029091119
1027,8,1,0.8427284029091119
1034,8,1,0.8427284029091119
1038,8,1,0.8427284029091119
1051,8,1,0.8427284029091119
1062,8,1,0.8427284029091119
1064,8,1,0.8427284029091119
1065,8,1,0.8427284029091119
1066,8,1,0.8427284029091119
1067,8,1,0.8427284029091119
1075,8,1,0.8427284029091119
1078,8,1,0.8427284029091119
1084,8,1,0.8427284029091119
1088,8,1,0.8427284029091119
1089,8,1,0.8427284029091119
1090,8,1,0.8427284029091119
1091,8,1,0.8427284029091119
1094,8,1,0.8427284029091119
1099,8,1,0.8427284029091119
1101,8,1,0.8427284029091119
1102,8,1,0.8427284029091119
1104,8,1,0.8427284029091119
1105,8,1,0.8427284029091119
1112,8,1,0.8427284029091119
1114,8,1,0.8427284029091119
1116,8,1,0.8427284029091119
1121,8,1,0.8427284029091119
1132,8,1,0.8427284029091119
1134,8,1,0.8427284029091119
1140,8,1,0.8427284029091119
1142,8,1,0.8427284029091119
1146,8,1,0.8913057514147675
1150,8,1,0.8913057514147675
1153,8,1,0.8913057514147675
1156,8,1,0.8913057514147675
1170,8,1,0.8913057514147675
1181,8,1,0.8913057514147675
1198,8,1,0.8913057514147675
1199,8,1,0.8913057514147675
1202,8,1,0.8913057514147675
1205,8,1,0.8913057514147675
1207,8,1,0.8913057514147675
1208,8,1,0.8913057514147675
1214,8,1,0.8913057514147675
1216,8,1,0.8913057514147675
1220,8,1,0.8913057514147675
1222,8,1,0.8913057514147675
1228,8,1,0.8913057514147675
1240,8,1,0.8913057514147675
1242,8,1,0.8913057514147675
1245,8,1,0.8913057514147675
1252,8,1,0.8913057514147675
1254,8,1,0.8913057514147675
1258,8,1,0.8913057514147675
1259,8,1,0.8913057514147675
1262,8,1,0.8913057514147675
1275,8,1,0.8913057514147675
1284,8,1,0.9261928446687869
1286,8,1,0.9261928446687869
1296,8,1,0.9261928446687869
1302,8,1,0.9261928446687869
1303,8,1,0.9261928446687869
1307,8,1,0.9261928446687869
1309,8,1,0.9261928446687869
1310,8,1,0.9261928446687869
1312,8,1,0.9261928446687869
1322,8,1,0.9261928446687869
1323,8,1,0.9261928446687869
1325,8,1,0.9261928446687869
1329,8,1,0.9505042078369944
6,9,0,0.4774908282361482
8,9,0,0.08200994104899592
14,9,0,0.7866839174784209
28,9,0,0.26498903163146686
32,9,0,0.36467102583198907
35,9,0,0.00033671311922869624
38,9,0,0.021657771358228963
42,9,0,0.0054555883063991525
44,9,0,0.00021151730573058282
45,9,1,0.26498903163146686
56,9,1,0.36467102583198907
65,9,1,0.36467102583198907
68,9,1,0.36467102583198907
81,9,1,0.36467102583198907
86,9,1,0.36467102583198907
88,9,1,0.36467102583198907
91,9,1,0.36467102583198907
95,9,1,0.36467102583198907
96,9,1,0.36467102583198907
98,9,1,0.36467102583198907
103,9,1,0.36467102583198907
109,9,1,0.36467102583198907
120,9,1,0.36467102583198907
124,9,1,0.36467102583198907
127,9,1,0.36467102583198907
129,9,1,0.36467102583198907
135,9,1,0.36467102583198907
138,9,1,0.36467102583198907
144,9,1,0.36467102583198907
146,9,1,0.36467102583198907
147,9,1,0.36467102583198907
155,9,1,0.4774908282361482
157,9,1,0.4774908282361482
165,9,1,0.4774908282361482
173,9,1,0.4774908282361482
183,9,1,0.4774908282361482
186,9,1,0.4774908282361482
193,9,1,0.4774908282361482
201,9,1,0.4774908282361482
202,9,1,0.4774908282361482
205,9,1,0.4774908282361482
214,9,1,0.4774908282361482
218,9,1,0.4774908282361482
222,9,1,0.4774908282361482
224,9,1,0.4774908282361482
226,9,1,0.4774908282361482
228,9,1,0.4774908282361482
229,9,1,0.4774908282361482
231,9,1,0.4774908282361482
233,9,1,0.4774908282361482
238,9,1,0.4774908282361482
244,9,1,0.4774908282361482
246,9,1,0.4774908282361482
249,9,1,0.4774908282361482
251,9,1,0.4774908282361482
259,9,1,0.4774908282361482
267,9,1,0.4774908282361482
269,9,1,0.4774908282361482
275,9,1,0.4774908282361482
276,9,1,0.4774908282361482
281,9,1,0.4774908282361482
296,9,1,0.4774908282361482
297,9,1,0.4774908282361482
304,9,1,0.4774908282361482
307,9,1,0.4774908282361482
313,9,1,0.4774908282361482
316,9,1,0.4774908282361482
324,9,1,0.4774908282361482
327,9,1,0.4774908282361482
328,9,1,0.4774908282361482
330,9,1,0.4774908282361482
331,9,1,0.4774908282361482
335,9,1,0.4774908282361482
347,9,1,0.4774908282361482
351,9,1,0.5926550399249528
352,9,1,0.5926550399249528
361,9,1,0.5926550399249528
370,9,1,0.5926550399249528
372,9,1,0.5926550399249528
379,9,1,0.5926550399249528
380,9,1,0.5926550399249528
383,9,1,0.5926550399249528
384,9,1,0.5926550399249528
386,9,1,0.5926550399249528
388,9,1,0.5926550399249528
391,9,1,0.5926550399249528
392,9,1,0.5926550399249528
399,9,1,0.5926550399249528
400,9,1,0.5926550399249528
401,9,1,0.5926550399249528
407,9,1,0.5926550399249528
409,9,1,0.5926550399249528
415,9,1,0.5926550399249528
416,9,1,0.5926550399249528
419,9,1,0.5926550399249528
434,9,1,0.5926550399249528
435,9,1,0.5926550399249528
441,9,1,0.5926550399249528
445,9,1,0.5926550399249528
448,9,1,0.5926550399249528
456,9,1,0.5926550399249528
472,9,1,0.5926550399249528
477,9,1,0.5926550399249528
487,9,1,0.5926550399249528
495,9,1,0.5926550399249528
504,9,1,0.5926550399249528
506,9,1,0.5926550399249528
513,9,1,0.5926550399249528
515,9,1,0.5926550399249528
526,9,1,0.5926550399249528
530,9,1,0.5926550399249528
535,9,1,0.5926550399249528
545,9,1,0.5926550399249528
547,9,1,0.5926550399249528
557,9,1,0.5926550399249528
559,9,1,0.5926550399249528
570,9,1,0.5926550399249528
584,9,1,0.5926550399249528
585,9,1,0.5926550399249528
589,9,1,0.5926550399249528
593,9,1,0.5926550399249528
602,9,1,0.6984655984940767
604,9,1,0.6984655984940767
605,9,1,0.6984655984940767
606,9,1,0.6984655984940767
612,9,1,0.6984655984940767
622,9,1,0.6984655984940767
632,9,1,0.6984655984940767
636,9,1,0.6984655984940767
638,9,1,0.6984655984940767
644,9,1,0.6984655984940767
645,9,1,0.6984655984940767
658,9,1,0.6984655984940767
662,9,1,0.6984655984940767
669,9,1,0.6984655984940767
676,9,1,0.6984655984940767
683,9,1,0.6984655984940767
692,9,1,0.6984655984940767
694,9,1,0.6984655984940767
699,9,1,0.6984655984940767
713,9,1,0.6984655984940767
715,9,1,0.6984655984940767
718,9,1,0.6984655984940767
724,9,1,0.6984655984940767
726,9,1,0.6984655984940767
734,9,1,0.6984655984940767
743,9,1,0.6984655984940767
747,9,1,0.6984655984940767
753,9,1,0.6984655984940767
755,9,1,0.6984655984940767
757,9,1,0.6984655984940767
764,9,1,0.6984655984940767
770,9,1,0.6984655984940767
776,9,1,0.6984655984940767
782,9,1,0.6984655984940767
784,9,1,0.6984655984940767
788,9,1,0.6984655984940767
790,9,1,0.6984655984940767
793,9,1,0.6984655984940767
795,9,1,0.6984655984940767
810,9,1,0.6984655984940767
816,9,1,0.6984655984940767
817,9,1,0.6984655984940767
820,9,1,0.6984655984940767
830,9,1,0.7866839174784209
842,9,1,0.7866839174784209
845,9,1,0.7866839174784209
856,9,1,0.7866839174784209
861,9,1,0.7866839174784209
865,9,1,0.7866839174784209
875,9,1,0.7866839174784209
878,9,1,0.7866839174784209
889,9,1,0.7866839174784209
892,9,1,0.7866839174784209
901,9,1,0.7866839174784209
906,9,1,0.7866839174784209
908,9,1,0.7866839174784209
909,9,1,0.7866839174784209
915,9,1,0.7866839174784209
917,9,1,0.7866839174784209
923,9,1,0.7866839174784209
932,9,1,0.7866839174784209
941,9,1,0.7866839174784209
945,9,1,0.7866839174784209
949,9,1,0.7866839174784209
954,9,1,0.7866839174784209
960,9,1,0.7866839174784209
964,9,1,0.7866839174784209
966,9,1,0.7866839174784209
967,9,1,0.7866839174784209
969,9,1,0.7866839174784209
972,9,1,0.7866839174784209
973,9,1,0.7866839174784209
975,9,1,0.7866839174784209
978,9,1,0.7866839174784209
980,9,1,0.7866839174784209
988,9,1,0.8544702580135773
993,9,1,0.8544702580135773
1003,9,1,0.8544702580135773
1006,9,1,0.8544702580135773
1008,9,1,0.8544702580135773
1010,9,1,0.8544702580135773
1016,9,1,0.8544702580135773
1020,9,1,0.8544702580135773
1025,9,1,0.8544702580135773
1029,9,1,0.8544702580135773
1041,9,1,0.8544702580135773
1049,9,1,0.8544702580135773
1069,9,1,0.8544702580135773
1074,9,1,0.8544702580135773
1079,9,1,0.8544702580135773
1092,9,1,0.8544702580135773
1097,9,1,0.8544702580135773
1098,9,1,0.8544702580135773
1100,9,1,0.8544702580135773
1106,9,1,0.8544702580135773
1109,9,1,0.8544702580135773
1115,9,1,0.8544702580135773
1117,9,1,0.8544702580135773
1118,9,1,0.8544702580135773
1131,9,1,0.8544702580135773
1136,9,1,0.8544702580135773
1143,9,1,0.8544702580135773
1148,9,1,0.9033619649064563
1155,9,1,0.9033619649064563
1159,9,1,0.9033619649064563
1162,9,1,0.9033619649064563
1164,9,1,0.9033619649064563
1168,9,1,0.9033619649064563
1171,9,1,0.9033619649064563
1180,9,1,0.9033619649064563
1186,9,1,0.9033619649064563
1187,9,1,0.9033619649064563
1188,9,1,0.9033619649064563
1192,9,1,0.9033619649064563
1194,9,1,0.9033619649064563
1195,9,1,0.9033619649064563
1197,9,1,0.9033619649064563
1206,9,1,0.9033619649064563
1213,9,1,0.9033619649064563
1219,9,1,0.9033619649064563
1221,9,1,0.9033619649064563
1224,9,1,0.9033619649064563
1226,9,1,0.9033619649064563
1231,9,1,0.9033619649064563
1232,9,1,0.9033619649064563
1234,9,1,0.9033619649064563
1235,9,1,0.9033619649064563
1243,9,1,0.9033619649064563
1244,9,1,0.9033619649064563
1248,9,1,0.9033619649064563
1250,9,1,0.9033619649064563
1257,9,1,0.9033619649064563
1269,9,1,0.9033619649064563
1274,9,1,0.9033619649064563
1287,9,1,0.9370384809847653
1288,9,1,0.9370384809847653
1293,9,1,0.9370384809847653
1297,9,1,0.9370384809847653
1300,9,1,0.9370384809847653
1311,9,1,0.9370384809847653
1314,9,1,0.9370384809847653
1317,9,1,0.9370384809847653
1318,9,1,0.9370384809847653
1319,9,1,0.9370384809847653
1326,9,1,0.9370384809847653
